{
  "advancedEditorSelectedIdentifier" : "ShaderGraphEditorPluginID",
  "openSceneRelativePaths" : [
    "Scene.usda"
  ],
  "recentIdentifiers" : {
    "D66134B1-3681-4A8E-AFE5-29F257229F3B" : [

    ]
  },
  "sceneCameraHistory" : {
    "1D572CEB-057A-41C3-B575-04C37501A3C0" : [
      {
        "date" : 736144108.52242696,
        "title" : "Untitled",
        "transform" : [
          1,
          0,
          0,
          0,
          0,
          0.86602449417114258,
          -0.50000160932540894,
          0,
          0,
          0.50000160932540894,
          0.86602449417114258,
          0,
          0,
          3.6299214363098145,
          4.1698689460754395,
          1
        ]
      }
    ],
    "40E89DEE-72A3-463D-8304-7E322E22F507" : [
      {
        "date" : 736144137.92871296,
        "title" : "Untitled",
        "transform" : [
          1,
          0,
          0,
          0,
          0,
          0.86602544784545898,
          -0.49999994039535522,
          0,
          0,
          0.49999994039535522,
          0.86602544784545898,
          0,
          0,
          0.20786429941654205,
          0.36003154516220093,
          1
        ]
      }
    ],
    "D66134B1-3681-4A8E-AFE5-29F257229F3B" : [
      {
        "date" : 736155960.88157797,
        "title" : "Untitled",
        "transform" : [
          0.9993928074836731,
          -1.191240994735665e-10,
          -0.034842830151319504,
          0,
          -0.015824172645807266,
          0.89092069864273071,
          -0.45388317108154297,
          0,
          0.031042184680700302,
          0.45415887236595154,
          0.89037978649139404,
          0,
          0.085370123386383057,
          0.2802654504776001,
          0.76134717464447021,
          1
        ]
      },
      {
        "date" : 736148334.91360497,
        "title" : "Untitled",
        "transform" : [
          0.9993928074836731,
          -1.191240994735665e-10,
          -0.034842830151319504,
          0,
          -0.015824172645807266,
          0.89092069864273071,
          -0.45388317108154297,
          0,
          0.031042184680700302,
          0.45415887236595154,
          0.89037978649139404,
          0,
          0.070491023361682892,
          0.25178134441375732,
          0.77639508247375488,
          1
        ]
      },
      {
        "date" : 736145146.23876595,
        "title" : "Untitled",
        "transform" : [
          0.9993928074836731,
          -1.191240994735665e-10,
          -0.034842830151319504,
          0,
          -0.015824172645807266,
          0.89092069864273071,
          -0.45388317108154297,
          0,
          0.031042184680700302,
          0.45415887236595154,
          0.89037978649139404,
          0,
          0.23605100810527802,
          0.84313201904296875,
          2.5998890399932861,
          1
        ]
      },
      {
        "date" : 736145143.30348301,
        "title" : "Untitled",
        "transform" : [
          0.9993928074836731,
          -1.191240994735665e-10,
          -0.034842830151319504,
          0,
          -0.015824172645807266,
          0.89092069864273071,
          -0.45388317108154297,
          0,
          0.031042184680700302,
          0.45415887236595154,
          0.89037978649139404,
          0,
          1.3738279342651367,
          4.9070677757263184,
          15.131477355957031,
          1
        ]
      },
      {
        "date" : 736144967.83743894,
        "title" : "Untitled",
        "transform" : [
          0.9993928074836731,
          -1.191240994735665e-10,
          -0.034842830151319504,
          0,
          -0.015824172645807266,
          0.89092069864273071,
          -0.45388317108154297,
          0,
          0.031042184680700302,
          0.45415887236595154,
          0.89037978649139404,
          0,
          3.4718489646911621,
          12.400824546813965,
          38.239292144775391,
          1
        ]
      },
      {
        "date" : 736144965.33574402,
        "title" : "Untitled",
        "transform" : [
          0.9993928074836731,
          -1.191240994735665e-10,
          -0.034842830151319504,
          0,
          -0.015824172645807266,
          0.89092069864273071,
          -0.45388317108154297,
          0,
          0.031042184680700302,
          0.45415887236595154,
          0.89037978649139404,
          0,
          1.462830662727356,
          5.5256481170654297,
          17.928318023681641,
          1
        ]
      },
      {
        "date" : 736144656.03938103,
        "title" : "Untitled",
        "transform" : [
          0.9993928074836731,
          -1.191240994735665e-10,
          -0.034842830151319504,
          0,
          -0.015824172645807266,
          0.89092069864273071,
          -0.45388317108154297,
          0,
          0.031042184680700302,
          0.45415887236595154,
          0.89037978649139404,
          0,
          0.010538465343415737,
          0.039807647466659546,
          0.12915846705436707,
          1
        ]
      },
      {
        "date" : 736144447.28860199,
        "title" : "Untitled",
        "transform" : [
          0.9993928074836731,
          -1.191240994735665e-10,
          -0.034842830151319504,
          0,
          -0.015824172645807266,
          0.89092069864273071,
          -0.45388317108154297,
          0,
          0.031042184680700302,
          0.45415887236595154,
          0.89037978649139404,
          0,
          0.0060357549227774143,
          0.021856173872947693,
          0.13847200572490692,
          1
        ]
      },
      {
        "date" : 736144444.27552605,
        "title" : "Untitled",
        "transform" : [
          0.9993928074836731,
          -1.191240994735665e-10,
          -0.034842830151319504,
          0,
          -0.015824172645807266,
          0.89092069864273071,
          -0.45388317108154297,
          0,
          0.031042184680700302,
          0.45415887236595154,
          0.89037978649139404,
          0,
          0.0067165330983698368,
          0.019496705383062363,
          0.13965177536010742,
          1
        ]
      },
      {
        "date" : 736144432.38928699,
        "title" : "Untitled",
        "transform" : [
          0.9993928074836731,
          -1.191240994735665e-10,
          -0.034842830151319504,
          0,
          -0.015824172645807266,
          0.89092069864273071,
          -0.45388317108154297,
          0,
          0.031042184680700302,
          0.45415887236595154,
          0.89037978649139404,
          0,
          0.0027870861813426018,
          0.011099681258201599,
          0.14407186210155487,
          1
        ]
      }
    ]
  },
  "selectedSceneRelativePath" : "Scene.usda"
}